<!DOCTYPE html>
<html xmlns="http://www.w3.org/1999/xhtml" lang="en" xml:lang="en"><head>

<meta charset="utf-8">
<meta name="generator" content="quarto-1.3.353">

<meta name="viewport" content="width=device-width, initial-scale=1.0, user-scalable=yes">


<title>RED. Revista de Educación a Distancia</title>
<style>
code{white-space: pre-wrap;}
span.smallcaps{font-variant: small-caps;}
div.columns{display: flex; gap: min(4vw, 1.5em);}
div.column{flex: auto; overflow-x: auto;}
div.hanging-indent{margin-left: 1.5em; text-indent: -1.5em;}
ul.task-list{list-style: none;}
ul.task-list li input[type="checkbox"] {
  width: 0.8em;
  margin: 0 0.8em 0.2em -1em; /* quarto-specific, see https://github.com/quarto-dev/quarto-cli/issues/4556 */ 
  vertical-align: middle;
}
</style>


<script src="RED_files/libs/clipboard/clipboard.min.js"></script>
<script src="RED_files/libs/quarto-html/quarto.js"></script>
<script src="RED_files/libs/quarto-html/popper.min.js"></script>
<script src="RED_files/libs/quarto-html/tippy.umd.min.js"></script>
<script src="RED_files/libs/quarto-html/anchor.min.js"></script>
<link href="RED_files/libs/quarto-html/tippy.css" rel="stylesheet">
<link href="RED_files/libs/quarto-html/quarto-syntax-highlighting.css" rel="stylesheet" id="quarto-text-highlighting-styles">
<script src="RED_files/libs/bootstrap/bootstrap.min.js"></script>
<link href="RED_files/libs/bootstrap/bootstrap-icons.css" rel="stylesheet">
<link href="RED_files/libs/bootstrap/bootstrap.min.css" rel="stylesheet" id="quarto-bootstrap" data-mode="light">
<script src="https://cdnjs.cloudflare.com/ajax/libs/require.js/2.3.6/require.min.js" integrity="sha512-c3Nl8+7g4LMSTdrm621y7kf9v3SDPnhxLNhcjFJbKECVnmZHTdo+IRO05sNLTH/D3vA6u1X32ehoLC7WFVdheg==" crossorigin="anonymous"></script>
<script src="https://cdnjs.cloudflare.com/ajax/libs/jquery/3.5.1/jquery.min.js" integrity="sha512-bLT0Qm9VnAYZDflyKcBaQ2gg0hSYNQrJ8RilYldYQ1FxQYoCLtUjuuRuZo+fjqhx/qtq/1itJ0C2ejDxltZVFg==" crossorigin="anonymous"></script>
<script type="application/javascript">define('jquery', [],function() {return window.jQuery;})</script>
<script type="text/javascript">
window.PlotlyConfig = {MathJaxConfig: 'local'};
if (window.MathJax && window.MathJax.Hub && window.MathJax.Hub.Config) {window.MathJax.Hub.Config({SVG: {font: "STIX-Web"}});}
if (typeof require !== 'undefined') {
require.undef("plotly");
requirejs.config({
    paths: {
        'plotly': ['https://cdn.plot.ly/plotly-2.14.0.min']
    }
});
require(['plotly'], function(Plotly) {
    window._Plotly = Plotly;
});
}
</script>



</head>

<!-- Google Tag Manager -->
<script>(function(w,d,s,l,i){w[l]=w[l]||[];w[l].push({'gtm.start':
new Date().getTime(),event:'gtm.js'});var f=d.getElementsByTagName(s)[0],
j=d.createElement(s),dl=l!='dataLayer'?'&l='+l:'';j.async=true;j.src=
'https://www.googletagmanager.com/gtm.js?id='+i+dl;f.parentNode.insertBefore(j,f);
})(window,document,'script','dataLayer','GTM-5NTJRD37');</script>
<!-- End Google Tag Manager -->

<body class="fullcontent">

<!-- Google Tag Manager (noscript) -->
<noscript><iframe src="https://www.googletagmanager.com/ns.html?id=GTM-5NTJRD37"
height="0" width="0" style="display:none;visibility:hidden"></iframe></noscript>
<!-- End Google Tag Manager (noscript) -->

<div id="quarto-content" class="page-columns page-rows-contents page-layout-article">

<main class="content" id="quarto-document-content">

<header id="title-block-header" class="quarto-title-block default">
<div class="quarto-title">
<h1 class="title">RED. Revista de Educación a Distancia</h1>
</div>



<div class="quarto-title-meta">

    
  
    
  </div>
  

</header>

<p>Análisis adicionales de los datos ofrecidos por SCimago sobre la revista RED. Revista de Educación a Distancia.</p>
<div class="cell" data-execution_count="1">
<div class="cell-output cell-output-display" data-execution_count="1">
<div>


<table class="dataframe table table-sm table-striped small" data-quarto-postprocess="true" data-border="1">
<thead>
<tr class="header">
<th data-quarto-table-cell-role="th"></th>
<th data-quarto-table-cell-role="th">Year</th>
<th data-quarto-table-cell-role="th">SJR</th>
<th data-quarto-table-cell-role="th">Documents</th>
<th data-quarto-table-cell-role="th">Self Cites</th>
<th data-quarto-table-cell-role="th">Total Cites</th>
<th data-quarto-table-cell-role="th">Cites / Doc. (4 years)</th>
<th data-quarto-table-cell-role="th">Cites / Doc. (3 years)</th>
<th data-quarto-table-cell-role="th">Cites / Doc. (2 years)</th>
<th data-quarto-table-cell-role="th">International Collaboration</th>
<th data-quarto-table-cell-role="th">External Cites per document</th>
<th data-quarto-table-cell-role="th">Cites per document</th>
<th data-quarto-table-cell-role="th">Non-citable documents</th>
<th data-quarto-table-cell-role="th">Citable documents</th>
<th data-quarto-table-cell-role="th">Uncited documents</th>
<th data-quarto-table-cell-role="th">Cited documents</th>
</tr>
</thead>
<tbody>
<tr class="odd">
<td data-quarto-table-cell-role="th">0</td>
<td>2018</td>
<td>0.000</td>
<td>39</td>
<td>0</td>
<td>0</td>
<td>0.000</td>
<td>0.000</td>
<td>0.000</td>
<td>0</td>
<td>0.000</td>
<td>0.000</td>
<td>0</td>
<td>0</td>
<td>0</td>
<td>0</td>
</tr>
<tr class="even">
<td data-quarto-table-cell-role="th">1</td>
<td>2019</td>
<td>0.224</td>
<td>22</td>
<td>7</td>
<td>41</td>
<td>1.051</td>
<td>1.051</td>
<td>1.051</td>
<td>0</td>
<td>0.919</td>
<td>1.051</td>
<td>2</td>
<td>37</td>
<td>24</td>
<td>15</td>
</tr>
<tr class="odd">
<td data-quarto-table-cell-role="th">2</td>
<td>2020</td>
<td>0.336</td>
<td>24</td>
<td>3</td>
<td>114</td>
<td>1.869</td>
<td>1.869</td>
<td>1.869</td>
<td>33</td>
<td>1.881</td>
<td>1.869</td>
<td>2</td>
<td>59</td>
<td>24</td>
<td>37</td>
</tr>
<tr class="even">
<td data-quarto-table-cell-role="th">3</td>
<td>2021</td>
<td>0.514</td>
<td>48</td>
<td>18</td>
<td>168</td>
<td>1.976</td>
<td>1.976</td>
<td>1.826</td>
<td>16</td>
<td>1.829</td>
<td>1.976</td>
<td>3</td>
<td>82</td>
<td>34</td>
<td>51</td>
</tr>
<tr class="odd">
<td data-quarto-table-cell-role="th">4</td>
<td>2022</td>
<td>0.538</td>
<td>18</td>
<td>6</td>
<td>227</td>
<td>2.331</td>
<td>2.415</td>
<td>2.667</td>
<td>44</td>
<td>2.376</td>
<td>2.415</td>
<td>1</td>
<td>93</td>
<td>27</td>
<td>67</td>
</tr>
</tbody>
</table>

</div>
</div>
</div>
<p>Matriz de correlación de todas las columnas</p>
<div class="cell" data-execution_count="2">
<div class="cell-output cell-output-display">

<div>                            <div id="192390fb-c598-4248-aa19-485d2e4c3e72" class="plotly-graph-div" style="height:900px; width:900px;"></div>            <script type="text/javascript">                require(["plotly"], function(Plotly) {                    window.PLOTLYENV=window.PLOTLYENV || {};                                    if (document.getElementById("192390fb-c598-4248-aa19-485d2e4c3e72")) {                    Plotly.newPlot(                        "192390fb-c598-4248-aa19-485d2e4c3e72",                        [{"colorscale":[[0.0,"#440154"],[0.1111111111111111,"#482878"],[0.2222222222222222,"#3e4989"],[0.3333333333333333,"#31688e"],[0.4444444444444444,"#26828e"],[0.5555555555555556,"#1f9e89"],[0.6666666666666666,"#35b779"],[0.7777777777777778,"#6ece58"],[0.8888888888888888,"#b5de2b"],[1.0,"#fde725"]],"reversescale":false,"showscale":true,"x":["Year","SJR","Documents","Self Cites","Total Cites","Cites / Doc. (4 years)","Cites / Doc. (3 years)","Cites / Doc. (2 years)","International Collaboration","External Cites per document","Cites per document","Non-citable documents","Citable documents","Uncited documents","Cited documents"],"y":["Year","SJR","Documents","Self Cites","Total Cites","Cites / Doc. (4 years)","Cites / Doc. (3 years)","Cites / Doc. (2 years)","International Collaboration","External Cites per document","Cites per document","Non-citable documents","Citable documents","Uncited documents","Cited documents"],"z":[[1.0,0.9669843532035302,0.11420804814403214,0.2362497692874474,0.9979292572352801,0.9416231028280818,0.9524099849943147,0.9398885638613146,0.768805211034607,0.9183822521771208,0.9524099849943147,-0.316227766016838,0.9895576108541139,0.5200115239287747,0.9951906282547788],[0.9669843532035302,1.0,0.3635230937354319,0.4602992117446696,0.9662208664437738,0.9090394392524762,0.9086870048192603,0.8423144909430897,0.6354878053685677,0.8564365877067853,0.9086870048192603,-0.06552585038288371,0.9913296385576662,0.7159841689791749,0.96455764652879],[0.11420804814403214,0.3635230937354319,1.0,0.92187218834724,0.1204274575980667,0.11025647927273498,0.06856050728169852,-0.14640029150124553,-0.32067453802777157,-0.008823527241929658,0.06856050728169852,0.9028938981432689,0.24851563439749974,0.885632912039696,0.1248017967512911],[0.2362497692874474,0.4602992117446696,0.92187218834724,1.0,0.21829681183984148,0.1022488789416284,0.07845849510061889,-0.09061394690153424,-0.36720858689682423,-0.024154955318986652,0.07845849510061889,0.7470873676376281,0.339658194449769,0.9429476073299433,0.20975817279727602],[0.9979292572352801,0.9662208664437738,0.1204274575980667,0.21829681183984148,1.0,0.9612343900659056,0.9695080286608039,0.9507866702241929,0.7958828743421096,0.9399754851223193,0.9695080286608039,-0.30422881437651883,0.9913776946944456,0.5118834853463609,0.9994299761164053],[0.9416231028280818,0.9090394392524762,0.11025647927273498,0.1022488789416284,0.9612343900659056,1.0,0.9984118304538327,0.9606281783234979,0.8876871945100804,0.9919758101335467,0.9984118304538327,-0.2678171178976299,0.9478558072689758,0.42639860969897164,0.9698863002179045],[0.9524099849943147,0.9086870048192603,0.06856050728169852,0.07845849510061889,0.9695080286608039,0.9984118304538327,1.0,0.97397518707817,0.8968316116061735,0.9937461758787308,1.0,-0.3148781937326539,0.9510265438784942,0.4027928394145995,0.9767757150885453],[0.9398885638613146,0.8423144909430897,-0.14640029150124553,-0.09061394690153424,0.9507866702241929,0.9606281783234979,0.97397518707817,1.0,0.9386199466470607,0.9782639398169011,0.97397518707817,-0.5202103266987518,0.9058024046222115,0.23221048646230935,0.9545600300249153],[0.768805211034607,0.6354878053685677,-0.32067453802777157,-0.36720858689682423,0.7958828743421096,0.8876871945100804,0.8968316116061735,0.9386199466470607,1.0,0.9386350447910893,0.8968316116061734,-0.5919383932914928,0.7275266055067054,-0.03750867355875069,0.8081572813879981],[0.9183822521771208,0.8564365877067853,-0.008823527241929658,-0.024154955318986652,0.9399754851223193,0.9919758101335467,0.9937461758787308,0.9782639398169011,0.9386350447910893,1.0,0.9937461758787308,-0.36781344864933846,0.9108368302217618,0.30864711271014456,0.9495416351830215],[0.9524099849943147,0.9086870048192603,0.06856050728169852,0.07845849510061889,0.9695080286608039,0.9984118304538327,1.0,0.97397518707817,0.8968316116061734,0.9937461758787308,1.0,-0.3148781937326539,0.9510265438784942,0.4027928394145995,0.9767757150885453],[-0.316227766016838,-0.06552585038288371,0.9028938981432689,0.7470873676376281,-0.30422881437651883,-0.2678171178976299,-0.3148781937326539,-0.5202103266987518,-0.5919383932914928,-0.36781344864933846,-0.3148781937326539,1.0,-0.18021892768999553,0.6058392513710817,-0.2961947380083785],[0.9895576108541139,0.9913296385576662,0.24851563439749974,0.339658194449769,0.9913776946944456,0.9478558072689758,0.9510265438784942,0.9058024046222115,0.7275266055067054,0.9108368302217618,0.9510265438784942,-0.18021892768999553,1.0,0.6189439630182535,0.9908643579483047],[0.5200115239287747,0.7159841689791749,0.885632912039696,0.9429476073299433,0.5118834853463609,0.42639860969897164,0.4027928394145995,0.23221048646230935,-0.03750867355875069,0.30864711271014456,0.4027928394145995,0.6058392513710817,0.6189439630182535,1.0,0.5078973952875961],[0.9951906282547788,0.96455764652879,0.1248017967512911,0.20975817279727602,0.9994299761164053,0.9698863002179045,0.9767757150885453,0.9545600300249153,0.8081572813879981,0.9495416351830215,0.9767757150885453,-0.2961947380083785,0.9908643579483047,0.5078973952875961,1.0]],"type":"heatmap"}],                        {"annotations":[{"font":{"color":"black"},"showarrow":false,"text":"1.0","x":"Year","xref":"x","y":"Year","yref":"y"},{"font":{"color":"black"},"showarrow":false,"text":"0.97","x":"SJR","xref":"x","y":"Year","yref":"y"},{"font":{"color":"white"},"showarrow":false,"text":"0.11","x":"Documents","xref":"x","y":"Year","yref":"y"},{"font":{"color":"black"},"showarrow":false,"text":"0.24","x":"Self Cites","xref":"x","y":"Year","yref":"y"},{"font":{"color":"black"},"showarrow":false,"text":"1.0","x":"Total Cites","xref":"x","y":"Year","yref":"y"},{"font":{"color":"black"},"showarrow":false,"text":"0.94","x":"Cites / Doc. (4 years)","xref":"x","y":"Year","yref":"y"},{"font":{"color":"black"},"showarrow":false,"text":"0.95","x":"Cites / Doc. (3 years)","xref":"x","y":"Year","yref":"y"},{"font":{"color":"black"},"showarrow":false,"text":"0.94","x":"Cites / Doc. (2 years)","xref":"x","y":"Year","yref":"y"},{"font":{"color":"black"},"showarrow":false,"text":"0.77","x":"International Collaboration","xref":"x","y":"Year","yref":"y"},{"font":{"color":"black"},"showarrow":false,"text":"0.92","x":"External Cites per document","xref":"x","y":"Year","yref":"y"},{"font":{"color":"black"},"showarrow":false,"text":"0.95","x":"Cites per document","xref":"x","y":"Year","yref":"y"},{"font":{"color":"white"},"showarrow":false,"text":"-0.32","x":"Non-citable documents","xref":"x","y":"Year","yref":"y"},{"font":{"color":"black"},"showarrow":false,"text":"0.99","x":"Citable documents","xref":"x","y":"Year","yref":"y"},{"font":{"color":"black"},"showarrow":false,"text":"0.52","x":"Uncited documents","xref":"x","y":"Year","yref":"y"},{"font":{"color":"black"},"showarrow":false,"text":"1.0","x":"Cited documents","xref":"x","y":"Year","yref":"y"},{"font":{"color":"black"},"showarrow":false,"text":"0.97","x":"Year","xref":"x","y":"SJR","yref":"y"},{"font":{"color":"black"},"showarrow":false,"text":"1.0","x":"SJR","xref":"x","y":"SJR","yref":"y"},{"font":{"color":"black"},"showarrow":false,"text":"0.36","x":"Documents","xref":"x","y":"SJR","yref":"y"},{"font":{"color":"black"},"showarrow":false,"text":"0.46","x":"Self Cites","xref":"x","y":"SJR","yref":"y"},{"font":{"color":"black"},"showarrow":false,"text":"0.97","x":"Total Cites","xref":"x","y":"SJR","yref":"y"},{"font":{"color":"black"},"showarrow":false,"text":"0.91","x":"Cites / Doc. (4 years)","xref":"x","y":"SJR","yref":"y"},{"font":{"color":"black"},"showarrow":false,"text":"0.91","x":"Cites / Doc. (3 years)","xref":"x","y":"SJR","yref":"y"},{"font":{"color":"black"},"showarrow":false,"text":"0.84","x":"Cites / Doc. (2 years)","xref":"x","y":"SJR","yref":"y"},{"font":{"color":"black"},"showarrow":false,"text":"0.64","x":"International Collaboration","xref":"x","y":"SJR","yref":"y"},{"font":{"color":"black"},"showarrow":false,"text":"0.86","x":"External Cites per document","xref":"x","y":"SJR","yref":"y"},{"font":{"color":"black"},"showarrow":false,"text":"0.91","x":"Cites per document","xref":"x","y":"SJR","yref":"y"},{"font":{"color":"white"},"showarrow":false,"text":"-0.07","x":"Non-citable documents","xref":"x","y":"SJR","yref":"y"},{"font":{"color":"black"},"showarrow":false,"text":"0.99","x":"Citable documents","xref":"x","y":"SJR","yref":"y"},{"font":{"color":"black"},"showarrow":false,"text":"0.72","x":"Uncited documents","xref":"x","y":"SJR","yref":"y"},{"font":{"color":"black"},"showarrow":false,"text":"0.96","x":"Cited documents","xref":"x","y":"SJR","yref":"y"},{"font":{"color":"white"},"showarrow":false,"text":"0.11","x":"Year","xref":"x","y":"Documents","yref":"y"},{"font":{"color":"black"},"showarrow":false,"text":"0.36","x":"SJR","xref":"x","y":"Documents","yref":"y"},{"font":{"color":"black"},"showarrow":false,"text":"1.0","x":"Documents","xref":"x","y":"Documents","yref":"y"},{"font":{"color":"black"},"showarrow":false,"text":"0.92","x":"Self Cites","xref":"x","y":"Documents","yref":"y"},{"font":{"color":"white"},"showarrow":false,"text":"0.12","x":"Total Cites","xref":"x","y":"Documents","yref":"y"},{"font":{"color":"white"},"showarrow":false,"text":"0.11","x":"Cites / Doc. (4 years)","xref":"x","y":"Documents","yref":"y"},{"font":{"color":"white"},"showarrow":false,"text":"0.07","x":"Cites / Doc. (3 years)","xref":"x","y":"Documents","yref":"y"},{"font":{"color":"white"},"showarrow":false,"text":"-0.15","x":"Cites / Doc. (2 years)","xref":"x","y":"Documents","yref":"y"},{"font":{"color":"white"},"showarrow":false,"text":"-0.32","x":"International Collaboration","xref":"x","y":"Documents","yref":"y"},{"font":{"color":"white"},"showarrow":false,"text":"-0.01","x":"External Cites per document","xref":"x","y":"Documents","yref":"y"},{"font":{"color":"white"},"showarrow":false,"text":"0.07","x":"Cites per document","xref":"x","y":"Documents","yref":"y"},{"font":{"color":"black"},"showarrow":false,"text":"0.9","x":"Non-citable documents","xref":"x","y":"Documents","yref":"y"},{"font":{"color":"black"},"showarrow":false,"text":"0.25","x":"Citable documents","xref":"x","y":"Documents","yref":"y"},{"font":{"color":"black"},"showarrow":false,"text":"0.89","x":"Uncited documents","xref":"x","y":"Documents","yref":"y"},{"font":{"color":"white"},"showarrow":false,"text":"0.12","x":"Cited documents","xref":"x","y":"Documents","yref":"y"},{"font":{"color":"black"},"showarrow":false,"text":"0.24","x":"Year","xref":"x","y":"Self Cites","yref":"y"},{"font":{"color":"black"},"showarrow":false,"text":"0.46","x":"SJR","xref":"x","y":"Self Cites","yref":"y"},{"font":{"color":"black"},"showarrow":false,"text":"0.92","x":"Documents","xref":"x","y":"Self Cites","yref":"y"},{"font":{"color":"black"},"showarrow":false,"text":"1.0","x":"Self Cites","xref":"x","y":"Self Cites","yref":"y"},{"font":{"color":"black"},"showarrow":false,"text":"0.22","x":"Total Cites","xref":"x","y":"Self Cites","yref":"y"},{"font":{"color":"white"},"showarrow":false,"text":"0.1","x":"Cites / Doc. (4 years)","xref":"x","y":"Self Cites","yref":"y"},{"font":{"color":"white"},"showarrow":false,"text":"0.08","x":"Cites / Doc. (3 years)","xref":"x","y":"Self Cites","yref":"y"},{"font":{"color":"white"},"showarrow":false,"text":"-0.09","x":"Cites / Doc. (2 years)","xref":"x","y":"Self Cites","yref":"y"},{"font":{"color":"white"},"showarrow":false,"text":"-0.37","x":"International Collaboration","xref":"x","y":"Self Cites","yref":"y"},{"font":{"color":"white"},"showarrow":false,"text":"-0.02","x":"External Cites per document","xref":"x","y":"Self Cites","yref":"y"},{"font":{"color":"white"},"showarrow":false,"text":"0.08","x":"Cites per document","xref":"x","y":"Self Cites","yref":"y"},{"font":{"color":"black"},"showarrow":false,"text":"0.75","x":"Non-citable documents","xref":"x","y":"Self Cites","yref":"y"},{"font":{"color":"black"},"showarrow":false,"text":"0.34","x":"Citable documents","xref":"x","y":"Self Cites","yref":"y"},{"font":{"color":"black"},"showarrow":false,"text":"0.94","x":"Uncited documents","xref":"x","y":"Self Cites","yref":"y"},{"font":{"color":"black"},"showarrow":false,"text":"0.21","x":"Cited documents","xref":"x","y":"Self Cites","yref":"y"},{"font":{"color":"black"},"showarrow":false,"text":"1.0","x":"Year","xref":"x","y":"Total Cites","yref":"y"},{"font":{"color":"black"},"showarrow":false,"text":"0.97","x":"SJR","xref":"x","y":"Total Cites","yref":"y"},{"font":{"color":"white"},"showarrow":false,"text":"0.12","x":"Documents","xref":"x","y":"Total Cites","yref":"y"},{"font":{"color":"black"},"showarrow":false,"text":"0.22","x":"Self Cites","xref":"x","y":"Total Cites","yref":"y"},{"font":{"color":"black"},"showarrow":false,"text":"1.0","x":"Total Cites","xref":"x","y":"Total Cites","yref":"y"},{"font":{"color":"black"},"showarrow":false,"text":"0.96","x":"Cites / Doc. (4 years)","xref":"x","y":"Total Cites","yref":"y"},{"font":{"color":"black"},"showarrow":false,"text":"0.97","x":"Cites / Doc. (3 years)","xref":"x","y":"Total Cites","yref":"y"},{"font":{"color":"black"},"showarrow":false,"text":"0.95","x":"Cites / Doc. (2 years)","xref":"x","y":"Total Cites","yref":"y"},{"font":{"color":"black"},"showarrow":false,"text":"0.8","x":"International Collaboration","xref":"x","y":"Total Cites","yref":"y"},{"font":{"color":"black"},"showarrow":false,"text":"0.94","x":"External Cites per document","xref":"x","y":"Total Cites","yref":"y"},{"font":{"color":"black"},"showarrow":false,"text":"0.97","x":"Cites per document","xref":"x","y":"Total Cites","yref":"y"},{"font":{"color":"white"},"showarrow":false,"text":"-0.3","x":"Non-citable documents","xref":"x","y":"Total Cites","yref":"y"},{"font":{"color":"black"},"showarrow":false,"text":"0.99","x":"Citable documents","xref":"x","y":"Total Cites","yref":"y"},{"font":{"color":"black"},"showarrow":false,"text":"0.51","x":"Uncited documents","xref":"x","y":"Total Cites","yref":"y"},{"font":{"color":"black"},"showarrow":false,"text":"1.0","x":"Cited documents","xref":"x","y":"Total Cites","yref":"y"},{"font":{"color":"black"},"showarrow":false,"text":"0.94","x":"Year","xref":"x","y":"Cites / Doc. (4 years)","yref":"y"},{"font":{"color":"black"},"showarrow":false,"text":"0.91","x":"SJR","xref":"x","y":"Cites / Doc. (4 years)","yref":"y"},{"font":{"color":"white"},"showarrow":false,"text":"0.11","x":"Documents","xref":"x","y":"Cites / Doc. (4 years)","yref":"y"},{"font":{"color":"white"},"showarrow":false,"text":"0.1","x":"Self Cites","xref":"x","y":"Cites / Doc. (4 years)","yref":"y"},{"font":{"color":"black"},"showarrow":false,"text":"0.96","x":"Total Cites","xref":"x","y":"Cites / Doc. (4 years)","yref":"y"},{"font":{"color":"black"},"showarrow":false,"text":"1.0","x":"Cites / Doc. (4 years)","xref":"x","y":"Cites / Doc. (4 years)","yref":"y"},{"font":{"color":"black"},"showarrow":false,"text":"1.0","x":"Cites / Doc. (3 years)","xref":"x","y":"Cites / Doc. (4 years)","yref":"y"},{"font":{"color":"black"},"showarrow":false,"text":"0.96","x":"Cites / Doc. (2 years)","xref":"x","y":"Cites / Doc. (4 years)","yref":"y"},{"font":{"color":"black"},"showarrow":false,"text":"0.89","x":"International Collaboration","xref":"x","y":"Cites / Doc. (4 years)","yref":"y"},{"font":{"color":"black"},"showarrow":false,"text":"0.99","x":"External Cites per document","xref":"x","y":"Cites / Doc. (4 years)","yref":"y"},{"font":{"color":"black"},"showarrow":false,"text":"1.0","x":"Cites per document","xref":"x","y":"Cites / Doc. (4 years)","yref":"y"},{"font":{"color":"white"},"showarrow":false,"text":"-0.27","x":"Non-citable documents","xref":"x","y":"Cites / Doc. (4 years)","yref":"y"},{"font":{"color":"black"},"showarrow":false,"text":"0.95","x":"Citable documents","xref":"x","y":"Cites / Doc. (4 years)","yref":"y"},{"font":{"color":"black"},"showarrow":false,"text":"0.43","x":"Uncited documents","xref":"x","y":"Cites / Doc. (4 years)","yref":"y"},{"font":{"color":"black"},"showarrow":false,"text":"0.97","x":"Cited documents","xref":"x","y":"Cites / Doc. (4 years)","yref":"y"},{"font":{"color":"black"},"showarrow":false,"text":"0.95","x":"Year","xref":"x","y":"Cites / Doc. (3 years)","yref":"y"},{"font":{"color":"black"},"showarrow":false,"text":"0.91","x":"SJR","xref":"x","y":"Cites / Doc. (3 years)","yref":"y"},{"font":{"color":"white"},"showarrow":false,"text":"0.07","x":"Documents","xref":"x","y":"Cites / Doc. (3 years)","yref":"y"},{"font":{"color":"white"},"showarrow":false,"text":"0.08","x":"Self Cites","xref":"x","y":"Cites / Doc. (3 years)","yref":"y"},{"font":{"color":"black"},"showarrow":false,"text":"0.97","x":"Total Cites","xref":"x","y":"Cites / Doc. (3 years)","yref":"y"},{"font":{"color":"black"},"showarrow":false,"text":"1.0","x":"Cites / Doc. (4 years)","xref":"x","y":"Cites / Doc. (3 years)","yref":"y"},{"font":{"color":"black"},"showarrow":false,"text":"1.0","x":"Cites / Doc. (3 years)","xref":"x","y":"Cites / Doc. (3 years)","yref":"y"},{"font":{"color":"black"},"showarrow":false,"text":"0.97","x":"Cites / Doc. (2 years)","xref":"x","y":"Cites / Doc. (3 years)","yref":"y"},{"font":{"color":"black"},"showarrow":false,"text":"0.9","x":"International Collaboration","xref":"x","y":"Cites / Doc. (3 years)","yref":"y"},{"font":{"color":"black"},"showarrow":false,"text":"0.99","x":"External Cites per document","xref":"x","y":"Cites / Doc. (3 years)","yref":"y"},{"font":{"color":"black"},"showarrow":false,"text":"1.0","x":"Cites per document","xref":"x","y":"Cites / Doc. (3 years)","yref":"y"},{"font":{"color":"white"},"showarrow":false,"text":"-0.31","x":"Non-citable documents","xref":"x","y":"Cites / Doc. (3 years)","yref":"y"},{"font":{"color":"black"},"showarrow":false,"text":"0.95","x":"Citable documents","xref":"x","y":"Cites / Doc. (3 years)","yref":"y"},{"font":{"color":"black"},"showarrow":false,"text":"0.4","x":"Uncited documents","xref":"x","y":"Cites / Doc. (3 years)","yref":"y"},{"font":{"color":"black"},"showarrow":false,"text":"0.98","x":"Cited documents","xref":"x","y":"Cites / Doc. (3 years)","yref":"y"},{"font":{"color":"black"},"showarrow":false,"text":"0.94","x":"Year","xref":"x","y":"Cites / Doc. (2 years)","yref":"y"},{"font":{"color":"black"},"showarrow":false,"text":"0.84","x":"SJR","xref":"x","y":"Cites / Doc. (2 years)","yref":"y"},{"font":{"color":"white"},"showarrow":false,"text":"-0.15","x":"Documents","xref":"x","y":"Cites / Doc. (2 years)","yref":"y"},{"font":{"color":"white"},"showarrow":false,"text":"-0.09","x":"Self Cites","xref":"x","y":"Cites / Doc. (2 years)","yref":"y"},{"font":{"color":"black"},"showarrow":false,"text":"0.95","x":"Total Cites","xref":"x","y":"Cites / Doc. (2 years)","yref":"y"},{"font":{"color":"black"},"showarrow":false,"text":"0.96","x":"Cites / Doc. (4 years)","xref":"x","y":"Cites / Doc. (2 years)","yref":"y"},{"font":{"color":"black"},"showarrow":false,"text":"0.97","x":"Cites / Doc. (3 years)","xref":"x","y":"Cites / Doc. (2 years)","yref":"y"},{"font":{"color":"black"},"showarrow":false,"text":"1.0","x":"Cites / Doc. (2 years)","xref":"x","y":"Cites / Doc. (2 years)","yref":"y"},{"font":{"color":"black"},"showarrow":false,"text":"0.94","x":"International Collaboration","xref":"x","y":"Cites / Doc. (2 years)","yref":"y"},{"font":{"color":"black"},"showarrow":false,"text":"0.98","x":"External Cites per document","xref":"x","y":"Cites / Doc. (2 years)","yref":"y"},{"font":{"color":"black"},"showarrow":false,"text":"0.97","x":"Cites per document","xref":"x","y":"Cites / Doc. (2 years)","yref":"y"},{"font":{"color":"white"},"showarrow":false,"text":"-0.52","x":"Non-citable documents","xref":"x","y":"Cites / Doc. (2 years)","yref":"y"},{"font":{"color":"black"},"showarrow":false,"text":"0.91","x":"Citable documents","xref":"x","y":"Cites / Doc. (2 years)","yref":"y"},{"font":{"color":"black"},"showarrow":false,"text":"0.23","x":"Uncited documents","xref":"x","y":"Cites / Doc. (2 years)","yref":"y"},{"font":{"color":"black"},"showarrow":false,"text":"0.95","x":"Cited documents","xref":"x","y":"Cites / Doc. (2 years)","yref":"y"},{"font":{"color":"black"},"showarrow":false,"text":"0.77","x":"Year","xref":"x","y":"International Collaboration","yref":"y"},{"font":{"color":"black"},"showarrow":false,"text":"0.64","x":"SJR","xref":"x","y":"International Collaboration","yref":"y"},{"font":{"color":"white"},"showarrow":false,"text":"-0.32","x":"Documents","xref":"x","y":"International Collaboration","yref":"y"},{"font":{"color":"white"},"showarrow":false,"text":"-0.37","x":"Self Cites","xref":"x","y":"International Collaboration","yref":"y"},{"font":{"color":"black"},"showarrow":false,"text":"0.8","x":"Total Cites","xref":"x","y":"International Collaboration","yref":"y"},{"font":{"color":"black"},"showarrow":false,"text":"0.89","x":"Cites / Doc. (4 years)","xref":"x","y":"International Collaboration","yref":"y"},{"font":{"color":"black"},"showarrow":false,"text":"0.9","x":"Cites / Doc. (3 years)","xref":"x","y":"International Collaboration","yref":"y"},{"font":{"color":"black"},"showarrow":false,"text":"0.94","x":"Cites / Doc. (2 years)","xref":"x","y":"International Collaboration","yref":"y"},{"font":{"color":"black"},"showarrow":false,"text":"1.0","x":"International Collaboration","xref":"x","y":"International Collaboration","yref":"y"},{"font":{"color":"black"},"showarrow":false,"text":"0.94","x":"External Cites per document","xref":"x","y":"International Collaboration","yref":"y"},{"font":{"color":"black"},"showarrow":false,"text":"0.9","x":"Cites per document","xref":"x","y":"International Collaboration","yref":"y"},{"font":{"color":"white"},"showarrow":false,"text":"-0.59","x":"Non-citable documents","xref":"x","y":"International Collaboration","yref":"y"},{"font":{"color":"black"},"showarrow":false,"text":"0.73","x":"Citable documents","xref":"x","y":"International Collaboration","yref":"y"},{"font":{"color":"white"},"showarrow":false,"text":"-0.04","x":"Uncited documents","xref":"x","y":"International Collaboration","yref":"y"},{"font":{"color":"black"},"showarrow":false,"text":"0.81","x":"Cited documents","xref":"x","y":"International Collaboration","yref":"y"},{"font":{"color":"black"},"showarrow":false,"text":"0.92","x":"Year","xref":"x","y":"External Cites per document","yref":"y"},{"font":{"color":"black"},"showarrow":false,"text":"0.86","x":"SJR","xref":"x","y":"External Cites per document","yref":"y"},{"font":{"color":"white"},"showarrow":false,"text":"-0.01","x":"Documents","xref":"x","y":"External Cites per document","yref":"y"},{"font":{"color":"white"},"showarrow":false,"text":"-0.02","x":"Self Cites","xref":"x","y":"External Cites per document","yref":"y"},{"font":{"color":"black"},"showarrow":false,"text":"0.94","x":"Total Cites","xref":"x","y":"External Cites per document","yref":"y"},{"font":{"color":"black"},"showarrow":false,"text":"0.99","x":"Cites / Doc. (4 years)","xref":"x","y":"External Cites per document","yref":"y"},{"font":{"color":"black"},"showarrow":false,"text":"0.99","x":"Cites / Doc. (3 years)","xref":"x","y":"External Cites per document","yref":"y"},{"font":{"color":"black"},"showarrow":false,"text":"0.98","x":"Cites / Doc. (2 years)","xref":"x","y":"External Cites per document","yref":"y"},{"font":{"color":"black"},"showarrow":false,"text":"0.94","x":"International Collaboration","xref":"x","y":"External Cites per document","yref":"y"},{"font":{"color":"black"},"showarrow":false,"text":"1.0","x":"External Cites per document","xref":"x","y":"External Cites per document","yref":"y"},{"font":{"color":"black"},"showarrow":false,"text":"0.99","x":"Cites per document","xref":"x","y":"External Cites per document","yref":"y"},{"font":{"color":"white"},"showarrow":false,"text":"-0.37","x":"Non-citable documents","xref":"x","y":"External Cites per document","yref":"y"},{"font":{"color":"black"},"showarrow":false,"text":"0.91","x":"Citable documents","xref":"x","y":"External Cites per document","yref":"y"},{"font":{"color":"black"},"showarrow":false,"text":"0.31","x":"Uncited documents","xref":"x","y":"External Cites per document","yref":"y"},{"font":{"color":"black"},"showarrow":false,"text":"0.95","x":"Cited documents","xref":"x","y":"External Cites per document","yref":"y"},{"font":{"color":"black"},"showarrow":false,"text":"0.95","x":"Year","xref":"x","y":"Cites per document","yref":"y"},{"font":{"color":"black"},"showarrow":false,"text":"0.91","x":"SJR","xref":"x","y":"Cites per document","yref":"y"},{"font":{"color":"white"},"showarrow":false,"text":"0.07","x":"Documents","xref":"x","y":"Cites per document","yref":"y"},{"font":{"color":"white"},"showarrow":false,"text":"0.08","x":"Self Cites","xref":"x","y":"Cites per document","yref":"y"},{"font":{"color":"black"},"showarrow":false,"text":"0.97","x":"Total Cites","xref":"x","y":"Cites per document","yref":"y"},{"font":{"color":"black"},"showarrow":false,"text":"1.0","x":"Cites / Doc. (4 years)","xref":"x","y":"Cites per document","yref":"y"},{"font":{"color":"black"},"showarrow":false,"text":"1.0","x":"Cites / Doc. (3 years)","xref":"x","y":"Cites per document","yref":"y"},{"font":{"color":"black"},"showarrow":false,"text":"0.97","x":"Cites / Doc. (2 years)","xref":"x","y":"Cites per document","yref":"y"},{"font":{"color":"black"},"showarrow":false,"text":"0.9","x":"International Collaboration","xref":"x","y":"Cites per document","yref":"y"},{"font":{"color":"black"},"showarrow":false,"text":"0.99","x":"External Cites per document","xref":"x","y":"Cites per document","yref":"y"},{"font":{"color":"black"},"showarrow":false,"text":"1.0","x":"Cites per document","xref":"x","y":"Cites per document","yref":"y"},{"font":{"color":"white"},"showarrow":false,"text":"-0.31","x":"Non-citable documents","xref":"x","y":"Cites per document","yref":"y"},{"font":{"color":"black"},"showarrow":false,"text":"0.95","x":"Citable documents","xref":"x","y":"Cites per document","yref":"y"},{"font":{"color":"black"},"showarrow":false,"text":"0.4","x":"Uncited documents","xref":"x","y":"Cites per document","yref":"y"},{"font":{"color":"black"},"showarrow":false,"text":"0.98","x":"Cited documents","xref":"x","y":"Cites per document","yref":"y"},{"font":{"color":"white"},"showarrow":false,"text":"-0.32","x":"Year","xref":"x","y":"Non-citable documents","yref":"y"},{"font":{"color":"white"},"showarrow":false,"text":"-0.07","x":"SJR","xref":"x","y":"Non-citable documents","yref":"y"},{"font":{"color":"black"},"showarrow":false,"text":"0.9","x":"Documents","xref":"x","y":"Non-citable documents","yref":"y"},{"font":{"color":"black"},"showarrow":false,"text":"0.75","x":"Self Cites","xref":"x","y":"Non-citable documents","yref":"y"},{"font":{"color":"white"},"showarrow":false,"text":"-0.3","x":"Total Cites","xref":"x","y":"Non-citable documents","yref":"y"},{"font":{"color":"white"},"showarrow":false,"text":"-0.27","x":"Cites / Doc. (4 years)","xref":"x","y":"Non-citable documents","yref":"y"},{"font":{"color":"white"},"showarrow":false,"text":"-0.31","x":"Cites / Doc. (3 years)","xref":"x","y":"Non-citable documents","yref":"y"},{"font":{"color":"white"},"showarrow":false,"text":"-0.52","x":"Cites / Doc. (2 years)","xref":"x","y":"Non-citable documents","yref":"y"},{"font":{"color":"white"},"showarrow":false,"text":"-0.59","x":"International Collaboration","xref":"x","y":"Non-citable documents","yref":"y"},{"font":{"color":"white"},"showarrow":false,"text":"-0.37","x":"External Cites per document","xref":"x","y":"Non-citable documents","yref":"y"},{"font":{"color":"white"},"showarrow":false,"text":"-0.31","x":"Cites per document","xref":"x","y":"Non-citable documents","yref":"y"},{"font":{"color":"black"},"showarrow":false,"text":"1.0","x":"Non-citable documents","xref":"x","y":"Non-citable documents","yref":"y"},{"font":{"color":"white"},"showarrow":false,"text":"-0.18","x":"Citable documents","xref":"x","y":"Non-citable documents","yref":"y"},{"font":{"color":"black"},"showarrow":false,"text":"0.61","x":"Uncited documents","xref":"x","y":"Non-citable documents","yref":"y"},{"font":{"color":"white"},"showarrow":false,"text":"-0.3","x":"Cited documents","xref":"x","y":"Non-citable documents","yref":"y"},{"font":{"color":"black"},"showarrow":false,"text":"0.99","x":"Year","xref":"x","y":"Citable documents","yref":"y"},{"font":{"color":"black"},"showarrow":false,"text":"0.99","x":"SJR","xref":"x","y":"Citable documents","yref":"y"},{"font":{"color":"black"},"showarrow":false,"text":"0.25","x":"Documents","xref":"x","y":"Citable documents","yref":"y"},{"font":{"color":"black"},"showarrow":false,"text":"0.34","x":"Self Cites","xref":"x","y":"Citable documents","yref":"y"},{"font":{"color":"black"},"showarrow":false,"text":"0.99","x":"Total Cites","xref":"x","y":"Citable documents","yref":"y"},{"font":{"color":"black"},"showarrow":false,"text":"0.95","x":"Cites / Doc. (4 years)","xref":"x","y":"Citable documents","yref":"y"},{"font":{"color":"black"},"showarrow":false,"text":"0.95","x":"Cites / Doc. (3 years)","xref":"x","y":"Citable documents","yref":"y"},{"font":{"color":"black"},"showarrow":false,"text":"0.91","x":"Cites / Doc. (2 years)","xref":"x","y":"Citable documents","yref":"y"},{"font":{"color":"black"},"showarrow":false,"text":"0.73","x":"International Collaboration","xref":"x","y":"Citable documents","yref":"y"},{"font":{"color":"black"},"showarrow":false,"text":"0.91","x":"External Cites per document","xref":"x","y":"Citable documents","yref":"y"},{"font":{"color":"black"},"showarrow":false,"text":"0.95","x":"Cites per document","xref":"x","y":"Citable documents","yref":"y"},{"font":{"color":"white"},"showarrow":false,"text":"-0.18","x":"Non-citable documents","xref":"x","y":"Citable documents","yref":"y"},{"font":{"color":"black"},"showarrow":false,"text":"1.0","x":"Citable documents","xref":"x","y":"Citable documents","yref":"y"},{"font":{"color":"black"},"showarrow":false,"text":"0.62","x":"Uncited documents","xref":"x","y":"Citable documents","yref":"y"},{"font":{"color":"black"},"showarrow":false,"text":"0.99","x":"Cited documents","xref":"x","y":"Citable documents","yref":"y"},{"font":{"color":"black"},"showarrow":false,"text":"0.52","x":"Year","xref":"x","y":"Uncited documents","yref":"y"},{"font":{"color":"black"},"showarrow":false,"text":"0.72","x":"SJR","xref":"x","y":"Uncited documents","yref":"y"},{"font":{"color":"black"},"showarrow":false,"text":"0.89","x":"Documents","xref":"x","y":"Uncited documents","yref":"y"},{"font":{"color":"black"},"showarrow":false,"text":"0.94","x":"Self Cites","xref":"x","y":"Uncited documents","yref":"y"},{"font":{"color":"black"},"showarrow":false,"text":"0.51","x":"Total Cites","xref":"x","y":"Uncited documents","yref":"y"},{"font":{"color":"black"},"showarrow":false,"text":"0.43","x":"Cites / Doc. (4 years)","xref":"x","y":"Uncited documents","yref":"y"},{"font":{"color":"black"},"showarrow":false,"text":"0.4","x":"Cites / Doc. (3 years)","xref":"x","y":"Uncited documents","yref":"y"},{"font":{"color":"black"},"showarrow":false,"text":"0.23","x":"Cites / Doc. (2 years)","xref":"x","y":"Uncited documents","yref":"y"},{"font":{"color":"white"},"showarrow":false,"text":"-0.04","x":"International Collaboration","xref":"x","y":"Uncited documents","yref":"y"},{"font":{"color":"black"},"showarrow":false,"text":"0.31","x":"External Cites per document","xref":"x","y":"Uncited documents","yref":"y"},{"font":{"color":"black"},"showarrow":false,"text":"0.4","x":"Cites per document","xref":"x","y":"Uncited documents","yref":"y"},{"font":{"color":"black"},"showarrow":false,"text":"0.61","x":"Non-citable documents","xref":"x","y":"Uncited documents","yref":"y"},{"font":{"color":"black"},"showarrow":false,"text":"0.62","x":"Citable documents","xref":"x","y":"Uncited documents","yref":"y"},{"font":{"color":"black"},"showarrow":false,"text":"1.0","x":"Uncited documents","xref":"x","y":"Uncited documents","yref":"y"},{"font":{"color":"black"},"showarrow":false,"text":"0.51","x":"Cited documents","xref":"x","y":"Uncited documents","yref":"y"},{"font":{"color":"black"},"showarrow":false,"text":"1.0","x":"Year","xref":"x","y":"Cited documents","yref":"y"},{"font":{"color":"black"},"showarrow":false,"text":"0.96","x":"SJR","xref":"x","y":"Cited documents","yref":"y"},{"font":{"color":"white"},"showarrow":false,"text":"0.12","x":"Documents","xref":"x","y":"Cited documents","yref":"y"},{"font":{"color":"black"},"showarrow":false,"text":"0.21","x":"Self Cites","xref":"x","y":"Cited documents","yref":"y"},{"font":{"color":"black"},"showarrow":false,"text":"1.0","x":"Total Cites","xref":"x","y":"Cited documents","yref":"y"},{"font":{"color":"black"},"showarrow":false,"text":"0.97","x":"Cites / Doc. (4 years)","xref":"x","y":"Cited documents","yref":"y"},{"font":{"color":"black"},"showarrow":false,"text":"0.98","x":"Cites / Doc. (3 years)","xref":"x","y":"Cited documents","yref":"y"},{"font":{"color":"black"},"showarrow":false,"text":"0.95","x":"Cites / Doc. (2 years)","xref":"x","y":"Cited documents","yref":"y"},{"font":{"color":"black"},"showarrow":false,"text":"0.81","x":"Internation